,Country Name,1996_y,1997_y,1998_y,1999_y,2000_y,2001_y,2002_y,2003_y,2004_y,2005_y,2006_y,2007_y,2008_y,2009_y,2010_y,2011_y,2012_y,2013_y,2014_y,2015_y,2016_y,2017_y
0,Aruba,83200.0,85451.0,87277.0,89005.0,90853.0,92898.0,94992.0,97017.0,98737.0,100031.0,100832.0,101220.0,101353.0,101453.0,101669.0,102053.0,102577.0,103187.0,103795.0,104341.0,104822.0,105264.0
1,Afghanistan,17822884.0,18381605.0,18863999.0,19403676.0,20093756.0,20966463.0,21979923.0,23064851.0,24118979.0,25070798.0,25893450.0,26616792.0,27294031.0,28004331.0,28803167.0,29708599.0,30696958.0,31731688.0,32758020.0,33736494.0,34656032.0,35530081.0
2,Angola,14682284.0,15088981.0,15504318.0,15949766.0,16440924.0,16983266.0,17572649.0,18203369.0,18865716.0,19552542.0,20262399.0,20997687.0,21759420.0,22549547.0,23369131.0,24218565.0,25096150.0,25998340.0,26920466.0,27859305.0,28813463.0,29784193.0
3,Albania,3168033.0,3148281.0,3128530.0,3108778.0,3089027.0,3060173.0,3051010.0,3039616.0,3026939.0,3011487.0,2992547.0,2970017.0,2947314.0,2927519.0,2913021.0,2905195.0,2900401.0,2895092.0,2889104.0,2880703.0,2876101.0,2873457.0
4,Andorra,64360.0,64327.0,64142.0,64370.0,65390.0,67341.0,70049.0,73182.0,76244.0,78867.0,80991.0,82683.0,83861.0,84462.0,84449.0,83751.0,82431.0,80788.0,79223.0,78014.0,77281.0,76965.0
5,Arab World,260843462.0,266575075.0,272235146.0,277962869.0,283832016.0,289850357.0,296026575.0,302434519.0,309162029.0,316264728.0,323773264.0,331653797.0,339825483.0,348145094.0,356508908.0,364895878.0,373306993.0,381702086.0,390043028.0,398304960.0,406452690.0,414491886.0
6,United Arab Emirates,2571020.0,2700010.0,2838145.0,2988162.0,3154925.0,3326032.0,3507232.0,3741932.0,4087931.0,4579562.0,5242032.0,6044067.0,6894278.0,7666393.0,8270684.0,8672475.0,8900453.0,9006263.0,9070867.0,9154302.0,9269612.0,9400145.0
7,Argentina,35419682.0,35833969.0,36241590.0,36648068.0,37057452.0,37471509.0,37889370.0,38309379.0,38728696.0,39145488.0,39558890.0,39970224.0,40382389.0,40799407.0,41223889.0,41656879.0,42096739.0,42539925.0,42981515.0,43417765.0,43847430.0,44271041.0
8,Armenia,3168215.0,3133086.0,3108684.0,3089017.0,3069588.0,3050655.0,3033897.0,3017806.0,3000612.0,2981259.0,2958500.0,2933056.0,2908220.0,2888584.0,2877311.0,2875581.0,2881922.0,2893509.0,2906220.0,2916950.0,2924816.0,2930450.0
9,American Samoa,53929.0,54941.0,55901.0,56770.0,57521.0,58175.0,58731.0,59117.0,59264.0,59118.0,58650.0,57903.0,57030.0,56227.0,55637.0,55320.0,55230.0,55307.0,55437.0,55537.0,55599.0,55641.0
10,Antigua and Barbuda,75628.0,77739.0,79851.0,81831.0,83584.0,85057.0,86266.0,87293.0,88257.0,89253.0,90301.0,91381.0,92478.0,93581.0,94661.0,95719.0,96777.0,97824.0,98875.0,99923.0,100963.0,102012.0
11,Australia,18311000.0,18517000.0,18711000.0,18926000.0,19153000.0,19413000.0,19651400.0,19895400.0,20127400.0,20394800.0,20697900.0,20827600.0,21249200.0,21691700.0,22031750.0,22340024.0,22733465.0,23128129.0,23475686.0,23815995.0,24190907.0,24601860.0
12,Austria,7959017.0,7968041.0,7976789.0,7992324.0,8011566.0,8042293.0,8081957.0,8121423.0,8171966.0,8227829.0,8268641.0,8295487.0,8321496.0,8343323.0,8363404.0,8391643.0,8429991.0,8479823.0,8546356.0,8642699.0,8736668.0,8797566.0
13,Azerbaijan,7763000.0,7838250.0,7913000.0,7982750.0,8048600.0,8111200.0,8171950.0,8234100.0,8306500.0,8391850.0,8484550.0,8581300.0,8763400.0,8947243.0,9054332.0,9173082.0,9295784.0,9416801.0,9535079.0,9649341.0,9757812.0,9854033.0
14,Burundi,6041112.0,6112097.0,6186352.0,6278940.0,6400706.0,6555829.0,6741569.0,6953113.0,7182451.0,7423289.0,7675338.0,7939573.0,8212264.0,8489031.0,8766930.0,9043508.0,9319710.0,9600186.0,9891790.0,10199270.0,10524117.0,10864245.0
15,Belgium,10156637.0,10181245.0,10203008.0,10226419.0,10251250.0,10286570.0,10332785.0,10376133.0,10421137.0,10478617.0,10547958.0,10625700.0,10709973.0,10796493.0,10895586.0,11038264.0,11106932.0,11159407.0,11209057.0,11274196.0,11331422.0,11382393.0
16,Benin,6094259.0,6281639.0,6470265.0,6664098.0,6865951.0,7076733.0,7295394.0,7520555.0,7750004.0,7982225.0,8216896.0,8454791.0,8696916.0,8944706.0,9199259.0,9460802.0,9729160.0,10004451.0,10286712.0,10575952.0,10872298.0,11175692.0
17,Burkina Faso,10372745.0,10665546.0,10968724.0,11282701.0,11607942.0,11944587.0,12293100.0,12654621.0,13030569.0,13421930.0,13829177.0,14252021.0,14689726.0,15141099.0,15605217.0,16081904.0,16571216.0,17072723.0,17585977.0,18110624.0,18646433.0,19193382.0
18,Bangladesh,121269645.0,123854640.0,126447965.0,129029691.0,131581243.0,134107160.0,136600667.0,139019001.0,141307489.0,143431101.0,145368004.0,147139191.0,148805814.0,150454708.0,152149102.0,153911916.0,155727053.0,157571292.0,159405279.0,161200886.0,162951560.0,164669751.0
19,Bulgaria,8362826.0,8312068.0,8256786.0,8210624.0,8170172.0,8009142.0,7837161.0,7775327.0,7716860.0,7658972.0,7601022.0,7545338.0,7492561.0,7444443.0,7395599.0,7348328.0,7305888.0,7265115.0,7223938.0,7177991.0,7127822.0,7075947.0
20,Bahrain,578668.0,594930.0,613702.0,636545.0,664614.0,697549.0,735148.0,778711.0,829848.0,889168.0,958414.0,1035891.0,1114590.0,1185029.0,1240862.0,1278269.0,1300217.0,1315411.0,1336397.0,1371855.0,1425171.0,1492584.0
21,"Bahamas, The",283790.0,286970.0,290060.0,293572.0,297890.0,303135.0,309157.0,315746.0,322526.0,329249.0,335830.0,342328.0,348676.0,354856.0,360832.0,366568.0,372039.0,377240.0,382169.0,386838.0,391232.0,395361.0
22,Bosnia and Herzegovina,3780378.0,3752431.0,3750485.0,3759118.0,3766706.0,3771284.0,3775807.0,3779247.0,3781287.0,3781530.0,3779468.0,3774000.0,3763599.0,3746561.0,3722084.0,3688865.0,3648200.0,3604999.0,3566002.0,3535961.0,3516816.0,3507017.0
23,Belarus,10160000.0,10117000.0,10069000.0,10026738.0,9979610.0,9928549.0,9865548.0,9796749.0,9730146.0,9663915.0,9604924.0,9560953.0,9527985.0,9506765.0,9490583.0,9473172.0,9464495.0,9465997.0,9474511.0,9489616.0,9501534.0,9498264.0
24,Belize,213676.0,221606.0,230284.0,239026.0,247315.0,254984.0,262206.0,269130.0,276089.0,283277.0,290747.0,298407.0,306165.0,313929.0,321608.0,329192.0,336701.0,344181.0,351694.0,359288.0,366954.0,374681.0
25,Bermuda,60129.0,60497.0,60943.0,61285.0,61833.0,62504.0,62912.0,63325.0,63740.0,64154.0,64523.0,64888.0,65273.0,65636.0,65124.0,64564.0,64798.0,65001.0,65139.0,65239.0,65341.0,65441.0
26,Bolivia,7717443.0,7870855.0,8026254.0,8182712.0,8339512.0,8496375.0,8653345.0,8810420.0,8967741.0,9125409.0,9283334.0,9441444.0,9599855.0,9758748.0,9918242.0,10078343.0,10239004.0,10400264.0,10562159.0,10724705.0,10887882.0,11051600.0
27,Brazil,164913306.0,167545164.0,170170640.0,172759243.0,175287587.0,177750670.0,180151021.0,182482149.0,184738458.0,186917361.0,189012412.0,191026637.0,192979029.0,194895996.0,196796269.0,198686688.0,200560983.0,202408632.0,204213133.0,205962108.0,207652865.0,209288278.0
28,Barbados,265942.0,266945.0,267950.0,268922.0,269847.0,270685.0,271478.0,272258.0,273091.0,274009.0,275039.0,276150.0,277319.0,278470.0,279569.0,280601.0,281585.0,282509.0,283385.0,284217.0,284996.0,285719.0
29,Brunei Darussalam,304699.0,312038.0,319222.0,326289.0,333241.0,340117.0,346867.0,353389.0,359523.0,365158.0,370250.0,374864.0,379252.0,383772.0,388662.0,394013.0,399748.0,405716.0,411704.0,417542.0,423196.0,428697.0
30,Bhutan,519282.0,528754.0,542155.0,557543.0,573416.0,589600.0,606399.0,623434.0,640282.0,656639.0,672228.0,686958.0,700950.0,714458.0,727641.0,740510.0,752967.0,764961.0,776448.0,787386.0,797765.0,807610.0
31,Botswana,1604060.0,1637635.0,1669625.0,1699862.0,1728340.0,1754935.0,1779953.0,1804339.0,1829330.0,1855852.0,1884238.0,1914414.0,1946351.0,1979882.0,2014866.0,2051339.0,2089315.0,2128507.0,2168573.0,2209197.0,2250260.0,2291661.0
32,Central African Republic,3435821.0,3517309.0,3597385.0,3676508.0,3754986.0,3832203.0,3907612.0,3981665.0,4055036.0,4127910.0,4201758.0,4275800.0,4345386.0,4404230.0,4448525.0,4476153.0,4490416.0,4499653.0,4515392.0,4546100.0,4594621.0,4659080.0
33,Canada,29671900.0,29987200.0,30247900.0,30499200.0,30769700.0,31081900.0,31362000.0,31676000.0,31995000.0,32312000.0,32570505.0,32887928.0,33245773.0,33628571.0,34005274.0,34342780.0,34750545.0,35152370.0,35535348.0,35832513.0,36264604.0,36708083.0
34,Central Europe and the Baltics,109626194.0,109422013.0,109238340.0,109060951.0,108447824.0,107660041.0,106959751.0,106624167.0,106331716.0,106041911.0,105772481.0,105378748.0,105001883.0,104800475.0,104421447.0,104174038.0,103935318.0,103713726.0,103496179.0,103257751.0,102994343.0,102735349.0
35,Switzerland,7071850.0,7088906.0,7110001.0,7143991.0,7184250.0,7229854.0,7284753.0,7339001.0,7389625.0,7437115.0,7483934.0,7551117.0,7647675.0,7743831.0,7824909.0,7912398.0,7996861.0,8089346.0,8188649.0,8282396.0,8373338.0,8450851.0
36,Channel Islands,144829.0,145715.0,146671.0,147687.0,148725.0,149793.0,150901.0,152038.0,153170.0,154294.0,155411.0,156513.0,157581.0,158603.0,159581.0,160497.0,161358.0,162180.0,162969.0,163758.0,164541.0,165314.0
37,Chile,14497826.0,14694835.0,14887756.0,15076952.0,15262754.0,15444969.0,15623635.0,15799542.0,15973778.0,16147064.0,16319792.0,16491687.0,16661942.0,16829442.0,16993354.0,17153357.0,17309746.0,17462982.0,17613798.0,17762681.0,17909754.0,18054726.0
38,China,1217550000.0,1230075000.0,1241935000.0,1252735000.0,1262645000.0,1271850000.0,1280400000.0,1288400000.0,1296075000.0,1303720000.0,1311020000.0,1317885000.0,1324655000.0,1331260000.0,1337705000.0,1344130000.0,1350695000.0,1357380000.0,1364270000.0,1371220000.0,1378665000.0,1386395000.0
39,Cote d'Ivoire,14995249.0,15445986.0,15884552.0,16300233.0,16686561.0,17040152.0,17366517.0,17679355.0,17997738.0,18336303.0,18699435.0,19085941.0,19497986.0,19936366.0,20401331.0,20895311.0,21418603.0,21966312.0,22531350.0,23108472.0,23695919.0,24294750.0
40,Cameroon,13812472.0,14165423.0,14523570.0,14891891.0,15274234.0,15671927.0,16084886.0,16513822.0,16959081.0,17420795.0,17899562.0,18395389.0,18907008.0,19432541.0,19970495.0,20520447.0,21082383.0,21655715.0,22239904.0,22834522.0,23439189.0,24053727.0
41,"Congo, Dem. Rep.",42770544.0,43830146.0,44840529.0,45898667.0,47076387.0,48394338.0,49835756.0,51390033.0,53034217.0,54751476.0,56543011.0,58417562.0,60373608.0,62409435.0,64523263.0,66713597.0,68978682.0,71316033.0,73722860.0,76196619.0,78736153.0,81339988.0
42,"Congo, Rep.",2879222.0,2962470.0,3048453.0,3136344.0,3225727.0,3315806.0,3407180.0,3502519.0,3605439.0,3718243.0,3842365.0,3976246.0,4115435.0,4253712.0,4386693.0,4512730.0,4633363.0,4751393.0,4871101.0,4995648.0,5125821.0,5260750.0
43,Colombia,38049038.0,38645411.0,39234062.0,39819279.0,40403958.0,40988909.0,41572491.0,42152151.0,42724163.0,43285634.0,43835722.0,44374572.0,44901544.0,45416181.0,45918097.0,46406646.0,46881475.0,47342981.0,47791911.0,48228697.0,48653419.0,49065615.0
44,Comoros,488627.0,501953.0,515385.0,528848.0,542357.0,555888.0,569479.0,583211.0,597228.0,611627.0,626425.0,641620.0,657229.0,673252.0,689692.0,706569.0,723868.0,741500.0,759385.0,777424.0,795601.0,813912.0
45,Cabo Verde,398773.0,408175.0,417323.0,426285.0,435079.0,443716.0,452106.0,460147.0,467664.0,474567.0,480795.0,486438.0,491723.0,496963.0,502384.0,508067.0,513979.0,520106.0,526437.0,532913.0,539560.0,546388.0
46,Costa Rica,3596732.0,3682725.0,3767373.0,3848723.0,3925443.0,3996798.0,4063204.0,4125971.0,4187038.0,4247841.0,4308794.0,4369469.0,4429508.0,4488263.0,4545280.0,4600474.0,4654122.0,4706401.0,4757575.0,4807852.0,4857274.0,4905769.0
47,Caribbean small states,6343683.0,6392040.0,6438587.0,6484510.0,6530691.0,6577216.0,6623792.0,6670276.0,6716373.0,6761932.0,6806838.0,6851221.0,6895315.0,6939534.0,6984096.0,7029022.0,7074129.0,7118888.0,7162679.0,7204948.0,7245472.0,7284294.0
48,Cuba,10961012.0,11013983.0,11064097.0,11110004.0,11150736.0,11186542.0,11217998.0,11244885.0,11266941.0,11284253.0,11296233.0,11303687.0,11309754.0,11318602.0,11333051.0,11354651.0,11382146.0,11412167.0,11439767.0,11461432.0,11475982.0,11484636.0
49,Curacao,146306.0,146956.0,144472.0,139428.0,133860.0,129047.0,129205.0,131897.0,134192.0,137658.0,141239.0,144056.0,145880.0,146833.0,148703.0,150831.0,152088.0,153822.0,155909.0,157980.0,159664.0,160175.0
50,Cayman Islands,33536.0,35597.0,37740.0,39808.0,41687.0,43316.0,44738.0,46028.0,47299.0,48622.0,50031.0,51483.0,52926.0,54279.0,55507.0,56579.0,57523.0,58371.0,59172.0,59963.0,60765.0,61559.0
51,Cyprus,873423.0,891192.0,908704.0,926050.0,943286.0,960282.0,976966.0,993563.0,1010410.0,1027658.0,1045509.0,1063712.0,1081563.0,1098076.0,1112607.0,1124835.0,1135062.0,1143896.0,1152309.0,1160985.0,1170125.0,1179551.0
52,Czech Republic,10315241.0,10304131.0,10294373.0,10283860.0,10255063.0,10216605.0,10196916.0,10193998.0,10197101.0,10211216.0,10238905.0,10298828.0,10384603.0,10443936.0,10474410.0,10496088.0,10510785.0,10514272.0,10525347.0,10546059.0,10566332.0,10594438.0
53,Germany,81914831.0,82034771.0,82047195.0,82100243.0,82211508.0,82349925.0,82488495.0,82534176.0,82516260.0,82469422.0,82376451.0,82266372.0,82110097.0,81902307.0,81776930.0,80274983.0,80425823.0,80645605.0,80982500.0,81686611.0,82348669.0,82685827.0
54,Djibouti,643682.0,660953.0,680612.0,700099.0,717584.0,732711.0,746221.0,758615.0,770752.0,783254.0,796208.0,809402.0,822934.0,836840.0,851146.0,865937.0,881185.0,896688.0,912164.0,927414.0,942333.0,956985.0
55,Dominica,71145.0,70753.0,70290.0,69903.0,69676.0,69670.0,69824.0,70093.0,70379.0,70627.0,70807.0,70950.0,71074.0,71229.0,71440.0,71718.0,72044.0,72400.0,72778.0,73162.0,73543.0,73925.0
56,Denmark,5263074.0,5284991.0,5304219.0,5321799.0,5339616.0,5358783.0,5375931.0,5390574.0,5404523.0,5419432.0,5437272.0,5461438.0,5493621.0,5523095.0,5547683.0,5570572.0,5591572.0,5614932.0,5643475.0,5683483.0,5728010.0,5764980.0
57,Dominican Republic,8029113.0,8163472.0,8296375.0,8429112.0,8562622.0,8697126.0,8832285.0,8967760.0,9102998.0,9237566.0,9371338.0,9504353.0,9636520.0,9767758.0,9897985.0,10027095.0,10154950.0,10281296.0,10405844.0,10528394.0,10648791.0,10766998.0
58,Algeria,29411415.0,29886839.0,30335732.0,30765613.0,31183660.0,31592153.0,31995046.0,32403514.0,32831096.0,33288437.0,33777915.0,34300076.0,34860715.0,35465760.0,36117637.0,36819558.0,37565847.0,38338562.0,39113313.0,39871528.0,40606052.0,41318142.0
59,East Asia & Pacific (excluding high income),1738422945.0,1759201938.0,1779221736.0,1798083668.0,1815956211.0,1833033752.0,1849372898.0,1865072190.0,1880346879.0,1895491197.0,1910175419.0,1924328623.0,1938363936.0,1952308448.0,1966231608.0,1980303926.0,1994651365.0,2009173000.0,2023837097.0,2038410865.0,2053299126.0,2068307600.0
60,Early-demographic dividend,2297015199.0,2341634408.0,2386184548.0,2430487146.0,2474600589.0,2518353223.0,2561812502.0,2605067367.0,2648271523.0,2691528375.0,2734859659.0,2778276175.0,2821797496.0,2865439651.0,2909410986.0,2953406021.0,2997066325.0,3040700765.0,3084236443.0,3127578757.0,3170657660.0,3213427823.0
61,East Asia & Pacific,1964618137.0,1986766012.0,2008137913.0,2028093205.0,2047138744.0,2065520252.0,2082947843.0,2099537166.0,2115550779.0,2131355884.0,2147020812.0,2162088472.0,2177418325.0,2192343164.0,2207155022.0,2221935061.0,2237073498.0,2252293463.0,2267716950.0,2283072846.0,2298707239.0,2314367614.0
62,Europe & Central Asia (excluding high income),391666760.0,392019245.0,392254321.0,392222616.0,392316800.0,392074138.0,391755822.0,391931127.0,392308339.0,392739961.0,393315681.0,394035863.0,395123035.0,396880411.0,398913899.0,401123373.0,403343565.0,405812898.0,408264037.0,410778989.0,413243140.0,415532934.0
63,Europe & Central Asia,857591401.0,858893966.0,860023783.0,861043397.0,862005219.0,863103247.0,864680566.0,866971799.0,869578696.0,872242230.0,874958741.0,878118365.0,881659461.0,885304336.0,888754848.0,890970815.0,894562528.0,898799706.0,903115574.0,907432777.0,911694031.0,915483880.0
64,Ecuador,11683479.0,11924993.0,12163885.0,12398691.0,12628596.0,12852755.0,13072060.0,13289601.0,13509647.0,13735233.0,13967480.0,14205453.0,14447562.0,14691275.0,14934690.0,15177355.0,15419666.0,15661547.0,15903112.0,16144368.0,16385068.0,16624858.0
65,"Egypt, Arab Rep.",64933456.0,66151117.0,67378056.0,68626664.0,69905988.0,71226940.0,72590118.0,73981942.0,75381899.0,76778149.0,78159048.0,79537253.0,80953881.0,82465022.0,84107606.0,85897561.0,87813257.0,89807433.0,91812566.0,93778172.0,95688681.0,97553151.0
66,Euro area,318003015.0,318761764.0,319433983.0,320258902.0,321310787.0,322547880.0,324125338.0,325885964.0,327682507.0,329380413.0,330922791.0,332645166.0,334274730.0,335360887.0,336151474.0,335419640.0,336159190.0,337302116.0,338466271.0,339533474.0,340616862.0,341443382.0
67,Eritrea,3116379.0,3161350.0,3224223.0,3302263.0,3392801.0,3497124.0,3614639.0,3738265.0,3858623.0,3969007.0,4066648.0,4153332.0,4232636.0,4310334.0,4390840.0,4474690.0,,,,,,
68,Spain,39889852.0,40057389.0,40223509.0,40386875.0,40567864.0,40850412.0,41431558.0,42187645.0,42921895.0,43653155.0,44397319.0,45226803.0,45954106.0,46362946.0,46576897.0,46742697.0,46773055.0,46620045.0,46480882.0,46444832.0,46483569.0,46593171.0
69,Estonia,1415594.0,1399535.0,1386156.0,1390244.0,1396985.0,1388115.0,1379350.0,1370720.0,1362550.0,1354775.0,1346810.0,1340680.0,1337090.0,1334515.0,1331475.0,1327439.0,1322696.0,1317997.0,1314545.0,1315407.0,1315790.0,1317384.0
70,Ethiopia,59155148.0,60976450.0,62794151.0,64640054.0,66537331.0,68492257.0,70497192.0,72545144.0,74624405.0,76727083.0,78850689.0,81000409.0,83184892.0,85416253.0,87702670.0,90046756.0,92444183.0,94887724.0,97366774.0,99873033.0,102403196.0,104957438.0
71,European Union,485063813.0,485855014.0,486597006.0,487497963.0,488221134.0,489015307.0,490252425.0,492063516.0,494028143.0,495983151.0,497844871.0,499790864.0,501683674.0,503194067.0,504298772.0,504005891.0,505096228.0,506597700.0,508193872.0,509717579.0,511218467.0,512431044.0
72,Fragile and conflict affected situations,306691898.0,314393550.0,321885559.0,329495037.0,337602457.0,346168747.0,355076801.0,364275678.0,373680882.0,383230416.0,392932365.0,402796842.0,412832401.0,423028631.0,433388814.0,443918286.0,454618893.0,465515402.0,476608101.0,487923553.0,499508468.0,511336623.0
73,Finland,5124573.0,5139835.0,5153498.0,5165474.0,5176209.0,5188008.0,5200598.0,5213014.0,5228172.0,5246096.0,5266268.0,5288720.0,5313399.0,5338871.0,5363352.0,5388272.0,5413971.0,5438972.0,5461512.0,5479531.0,5495303.0,5508214.0
74,Fiji,784476.0,792860.0,800315.0,806494.0,811223.0,814218.0,815691.0,816628.0,818354.0,821817.0,827411.0,834812.0,843340.0,851967.0,859950.0,867086.0,873596.0,879715.0,885806.0,892149.0,898760.0,905502.0
75,France,59753100.0,59964851.0,60186288.0,60496718.0,60912500.0,61357430.0,61805267.0,62244886.0,62704895.0,63179351.0,63621381.0,64016227.0,64374989.0,64707044.0,65027507.0,65342775.0,65659789.0,65998660.0,66316092.0,66593366.0,66859768.0,67105513.0
76,Faroe Islands,46058.0,46251.0,46580.0,46937.0,47258.0,47526.0,47769.0,47974.0,48143.0,48285.0,48383.0,48448.0,48485.0,48517.0,48550.0,48608.0,48666.0,48747.0,48842.0,48965.0,49117.0,49290.0
77,"Micronesia, Fed. Sts.",108344.0,108502.0,108238.0,107816.0,107432.0,107165.0,106983.0,106816.0,106577.0,106196.0,105684.0,105078.0,104478.0,103960.0,103616.0,103468.0,103503.0,103702.0,104015.0,104433.0,104937.0,105544.0
78,Gabon,1113994.0,1142324.0,1171224.0,1200773.0,1231122.0,1262259.0,1294409.0,1328146.0,1364205.0,1403126.0,1444844.0,1489193.0,1536411.0,1586754.0,1640210.0,1697101.0,1756817.0,1817271.0,1875713.0,1930175.0,1979786.0,2025137.0
79,United Kingdom,58166950.0,58316954.0,58487141.0,58682466.0,58892514.0,59119673.0,59370479.0,59647577.0,59987905.0,60401206.0,60846820.0,61322463.0,61806995.0,62276270.0,62766365.0,63258918.0,63700300.0,64128226.0,64613160.0,65128861.0,65595565.0,66023290.0
80,Georgia,4491699.0,4349913.0,4243607.0,4157192.0,4077131.0,4014373.0,3978515.0,3951736.0,3927340.0,3902469.0,3880347.0,3860158.0,3848449.0,3814419.0,3786695.0,3756441.0,3728874.0,3717668.0,3719414.0,3725276.0,3727505.0,3728004.0
81,Ghana,17185608.0,17608812.0,18036494.0,18477612.0,18938762.0,19421605.0,19924522.0,20446782.0,20986536.0,21542009.0,22113425.0,22700212.0,23298640.0,23903831.0,24512104.0,25121796.0,25733049.0,26346251.0,26962563.0,27582821.0,28206728.0,28833629.0
82,Gibraltar,30382.0,30594.0,30801.0,30991.0,31180.0,31374.0,31544.0,31720.0,31896.0,32085.0,32296.0,32510.0,32732.0,32956.0,33189.0,33405.0,33623.0,33831.0,34038.0,34228.0,34408.0,34571.0
83,Guinea,8132552.0,8337988.0,8503297.0,8653769.0,8808546.0,8971139.0,9137345.0,9309848.0,9490229.0,9679745.0,9881428.0,10096727.0,10323142.0,10556524.0,10794170.0,11035170.0,11281469.0,11536615.0,11805509.0,12091533.0,12395924.0,12717176.0
84,"Gambia, The",1096708.0,1128169.0,1160944.0,1195420.0,1231844.0,1270495.0,1311349.0,1354194.0,1398573.0,1444204.0,1491021.0,1539116.0,1588572.0,1639560.0,1692149.0,1746363.0,1802125.0,1859324.0,1917852.0,1977590.0,2038501.0,2100568.0
85,Guinea-Bissau,1159060.0,1179727.0,1199915.0,1220794.0,1243229.0,1267512.0,1293523.0,1321202.0,1350345.0,1380838.0,1412669.0,1445958.0,1480841.0,1517448.0,1555880.0,1596154.0,1638139.0,1681495.0,1725744.0,1770526.0,1815698.0,1861283.0
86,Equatorial Guinea,523999.0,544636.0,566673.0,589938.0,614323.0,639762.0,666407.0,694611.0,724817.0,757317.0,792217.0,829327.0,868418.0,909111.0,951104.0,994290.0,1038593.0,1083746.0,1129424.0,1175389.0,1221490.0,1267689.0
87,Greece,10608800.0,10661259.0,10720509.0,10761698.0,10805808.0,10862132.0,10902022.0,10928070.0,10955141.0,10987314.0,11020362.0,11048473.0,11077841.0,11107017.0,11121341.0,11104899.0,11045011.0,10965211.0,10892413.0,10820883.0,10775971.0,10753531.0
88,Grenada,100796.0,101122.0,101309.0,101442.0,101619.0,101849.0,102100.0,102375.0,102656.0,102949.0,103259.0,103586.0,103930.0,104296.0,104677.0,105075.0,105481.0,105909.0,106360.0,106823.0,107317.0,107825.0
89,Greenland,55900.0,56000.0,56100.0,56100.0,56200.0,56350.0,56609.0,56765.0,56911.0,56935.0,56774.0,56555.0,56328.0,56323.0,56905.0,56890.0,56810.0,56483.0,56295.0,56114.0,56186.0,56171.0
90,Guatemala,10646674.0,10887634.0,11133501.0,11387203.0,11650743.0,11924946.0,12208848.0,12500478.0,12796925.0,13096028.0,13397008.0,13700286.0,14006366.0,14316208.0,14630417.0,14948919.0,15271056.0,15596214.0,15923559.0,16252429.0,16582469.0,16913503.0
91,Guam,148060.0,150303.0,152277.0,153953.0,155329.0,156401.0,157175.0,157714.0,158099.0,158402.0,158648.0,158855.0,159035.0,159231.0,159444.0,159678.0,159973.0,160375.0,160967.0,161797.0,162896.0,164229.0
92,Guyana,761861.0,760510.0,757952.0,755278.0,753301.0,752263.0,751884.0,751857.0,751652.0,750946.0,749601.0,747869.0,746314.0,745693.0,746556.0,749100.0,753091.0,758081.0,763393.0,768514.0,773303.0,777859.0
93,High income,1086117837.0,1093532639.0,1100792672.0,1107959156.0,1115040509.0,1122493147.0,1130156017.0,1137808171.0,1145830887.0,1154016985.0,1162770622.0,1172015104.0,1181834745.0,1190657857.0,1198652923.0,1204558069.0,1211908469.0,1219339174.0,1226947377.0,1234380005.0,1241782962.0,1248439499.0
94,"Hong Kong SAR, China",6435500.0,6489300.0,6543700.0,6606500.0,6665000.0,6714300.0,6744100.0,6730800.0,6783500.0,6813200.0,6857100.0,6916300.0,6957800.0,6972800.0,7024200.0,7071600.0,7150100.0,7178900.0,7229500.0,7291300.0,7336600.0,7391700.0
95,Honduras,5867849.0,6028882.0,6192026.0,6357221.0,6524283.0,6693061.0,6863157.0,7033821.0,7204153.0,7373430.0,7541406.0,7707972.0,7872658.0,8035021.0,8194778.0,8351600.0,8505646.0,8657785.0,8809216.0,8960829.0,9112867.0,9265067.0
96,Heavily indebted poor countries (HIPC),425324425.0,437269757.0,449393754.0,461899663.0,474935556.0,488553040.0,502710676.0,517352559.0,532385197.0,547744433.0,563415107.0,579434057.0,595849807.0,612731524.0,630127436.0,648053253.0,666488623.0,685401960.0,704745420.0,724482652.0,744602976.0,765112280.0
97,Croatia,4557097.0,4534920.0,4532135.0,4512597.0,4468302.0,4299642.0,4302174.0,4303399.0,4304600.0,4310145.0,4311159.0,4310217.0,4309705.0,4305181.0,4295427.0,4280622.0,4267558.0,4255689.0,4238389.0,4203604.0,4174349.0,4124531.0
98,Haiti,7965553.0,8111951.0,8258483.0,8404398.0,8549200.0,8692567.0,8834733.0,8976552.0,9119178.0,9263404.0,9409457.0,9556889.0,9705029.0,9852870.0,9999617.0,10145054.0,10289210.0,10431776.0,10572466.0,10711061.0,10847334.0,10981229.0
99,Hungary,10311238.0,10290486.0,10266570.0,10237530.0,10210971.0,10187576.0,10158608.0,10129552.0,10107146.0,10087065.0,10071370.0,10055780.0,10038188.0,10022650.0,10000023.0,9971727.0,9920362.0,9893082.0,9866468.0,9843028.0,9814023.0,9787966.0
100,IBRD only,3789511744.0,3840234529.0,3890222007.0,3938832289.0,3985757329.0,4031572448.0,4076555862.0,4121252958.0,4165668752.0,4210025829.0,4254032335.0,4297579191.0,4341339906.0,4385655997.0,4429761273.0,4474332436.0,4519455787.0,4564826733.0,4610015057.0,4654722658.0,4699240160.0,4743251569.0
101,IDA & IBRD total,4775334396.0,4850853605.0,4925738185.0,4999442542.0,5072167851.0,5144343847.0,5216199892.0,5288272172.0,5360555494.0,5433249045.0,5506091615.0,5579027930.0,5652765781.0,5727676279.0,5803309364.0,5880012818.0,5957572051.0,6036054686.0,6114992618.0,6194070829.0,6273592853.0,6353188384.0
102,IDA total,985822652.0,1010619076.0,1035516178.0,1060610253.0,1086410522.0,1112771399.0,1139644030.0,1167019214.0,1194886742.0,1223223216.0,1252059280.0,1281448739.0,1311425875.0,1342020282.0,1373548091.0,1405680382.0,1438116264.0,1471227953.0,1504977561.0,1539348171.0,1574352693.0,1609936815.0
103,IDA blend,328964394.0,336924643.0,344939833.0,352915069.0,361050467.0,369246309.0,377544104.0,385980348.0,394625729.0,403526930.0,412705870.0,422204235.0,432032769.0,442179341.0,452947421.0,463997812.0,474993526.0,486261860.0,497751634.0,509396383.0,521159047.0,533022904.0
104,Indonesia,199914831.0,202826465.0,205715544.0,208612556.0,211540429.0,214506502.0,217508059.0,220545214.0,223614649.0,226712730.0,229838202.0,232989141.0,236159276.0,239340478.0,242524123.0,245707511.0,248883232.0,252032263.0,255131116.0,258162113.0,261115456.0,263991379.0
105,IDA only,656858258.0,673694433.0,690576345.0,707695184.0,725360055.0,743525090.0,762099926.0,781038866.0,800261013.0,819696286.0,839353410.0,859244504.0,879393106.0,899840941.0,920600670.0,941682570.0,963122738.0,984966093.0,1007225927.0,1029951788.0,1053193646.0,1076913911.0
106,Isle of Man,70431.0,70869.0,71390.0,71952.0,72554.0,73192.0,73870.0,74587.0,75341.0,76118.0,76914.0,77727.0,78534.0,79325.0,80072.0,80759.0,81406.0,82013.0,82590.0,83167.0,83737.0,84287.0
107,India,978893217.0,997405318.0,1015974042.0,1034539214.0,1053050912.0,1071477855.0,1089807112.0,1108027848.0,1126135777.0,1144118674.0,1161977719.0,1179681239.0,1197146906.0,1214270132.0,1230980691.0,1247236029.0,1263065852.0,1278562207.0,1293859294.0,1309053980.0,1324171354.0,1339180127.0
108,Not classified,,,,,,,,,,,,,,,,,,,,,,
109,Ireland,3637510.0,3674171.0,3712696.0,3754786.0,3805174.0,3866243.0,3931947.0,3996521.0,4070262.0,4159914.0,4273591.0,4398942.0,4489544.0,4535375.0,4560155.0,4580084.0,4599533.0,4623816.0,4657740.0,4701957.0,4755335.0,4811321.0
110,"Iran, Islamic Rep.",61583089.0,62710557.0,63900630.0,65062660.0,66131854.0,67096414.0,67983330.0,68812713.0,69617100.0,70421811.0,71227880.0,72031103.0,72845542.0,73687565.0,74567511.0,75491582.0,76453574.0,77435384.0,78411092.0,79360487.0,80277428.0,81162788.0
111,Iraq,20845893.0,21509291.0,22190250.0,22878156.0,23565413.0,24251649.0,24939299.0,25627626.0,26316609.0,27008426.0,27697912.0,28390433.0,29111417.0,29894652.0,30762701.0,31727053.0,32776571.0,33883145.0,35006080.0,36115649.0,37202572.0,38274618.0
112,Iceland,268916.0,271128.0,274047.0,277381.0,281205.0,284968.0,287523.0,289521.0,292074.0,296734.0,303782.0,311566.0,317414.0,318499.0,318041.0,319014.0,320716.0,323764.0,327386.0,330815.0,335439.0,343400.0
113,Israel,5692000.0,5836000.0,5971000.0,6125000.0,6289000.0,6439000.0,6570000.0,6689700.0,6809000.0,6930100.0,7053700.0,7180100.0,7308800.0,7485600.0,7623600.0,7765800.0,7910500.0,8059500.0,8215700.0,8380100.0,8546000.0,8713300.0
114,Italy,56860281.0,56890372.0,56906744.0,56916317.0,56942108.0,56974100.0,57059007.0,57313203.0,57685327.0,57969484.0,58143979.0,58438310.0,58826731.0,59095365.0,59277417.0,59379449.0,59539717.0,60233948.0,60789140.0,60730582.0,60627498.0,60536709.0
115,Jamaica,2561993.0,2586827.0,2611367.0,2634882.0,2656864.0,2677011.0,2695446.0,2712511.0,2728777.0,2744673.0,2760279.0,2775467.0,2790122.0,2804082.0,2817210.0,2829493.0,2840992.0,2851807.0,2862087.0,2871934.0,2881355.0,2890299.0
116,Jordan,4716373.0,4832267.0,4927912.0,5014899.0,5103130.0,5193482.0,5287488.0,5396774.0,5535595.0,5714111.0,5934232.0,6193191.0,6489822.0,6821116.0,7182390.0,7574943.0,7992573.0,8413464.0,8809306.0,9159302.0,9455802.0,9702353.0
117,Japan,125757000.0,126057000.0,126400000.0,126631000.0,126843000.0,127149000.0,127445000.0,127718000.0,127761000.0,127773000.0,127854000.0,128001000.0,128063000.0,128047000.0,128070000.0,127833000.0,127629000.0,127445000.0,127276000.0,127141000.0,126994511.0,126785797.0
118,Kazakhstan,15577894.0,15333703.0,15071300.0,14928426.0,14883626.0,14858335.0,14858948.0,14909018.0,15012985.0,15147029.0,15308084.0,15484192.0,15674000.0,16092822.0,16321872.0,16557201.0,16792089.0,17035550.0,17288285.0,17542806.0,17794055.0,18037776.0
119,Kenya,28147734.0,28954114.0,29769803.0,30600397.0,31450483.0,32321482.0,33214009.0,34130852.0,35074931.0,36048288.0,37052050.0,38085909.0,39148416.0,40237204.0,41350152.0,42486839.0,43646629.0,44826849.0,46024250.0,47236259.0,48461567.0,49699862.0
120,Kyrgyz Republic,4628400.0,4696400.0,4769000.0,4840400.0,4898400.0,4945100.0,4990700.0,5043300.0,5104700.0,5162600.0,5218400.0,5268400.0,5318700.0,5383300.0,5447900.0,5514600.0,5607200.0,5719600.0,5835500.0,5956900.0,6079500.0,6198200.0
121,Cambodia,10980273.0,11295880.0,11597739.0,11883636.0,12152354.0,12402473.0,12634729.0,12853124.0,13063377.0,13270201.0,13474489.0,13676693.0,13880509.0,14090208.0,14308740.0,14537886.0,14776866.0,15022692.0,15270790.0,15517635.0,15762370.0,16005373.0
122,Kiribati,78907.0,80184.0,81550.0,82966.0,84406.0,85858.0,87343.0,88895.0,90542.0,92325.0,94260.0,96311.0,98440.0,100568.0,102652.0,104656.0,106613.0,108535.0,110458.0,112407.0,114395.0,116398.0
123,St. Kitts and Nevis,43373.0,43846.0,44317.0,44824.0,45374.0,45990.0,46641.0,47306.0,47971.0,48611.0,49210.0,49783.0,50332.0,50886.0,51445.0,52006.0,52591.0,53169.0,53739.0,54288.0,54821.0,55345.0
124,"Korea, Rep.",45524681.0,45953580.0,46286503.0,46616677.0,47008111.0,47370164.0,47644736.0,47892330.0,48082519.0,48184561.0,48438292.0,48683638.0,49054708.0,49307835.0,49554112.0,49936638.0,50199853.0,50428893.0,50746659.0,51014947.0,51245707.0,51466201.0
125,Kuwait,1631740.0,1715314.0,1836353.0,1957066.0,2050741.0,2109355.0,2143833.0,2169118.0,2207939.0,2276623.0,2377258.0,2503410.0,2652340.0,2818939.0,2998083.0,3191051.0,3395556.0,3598385.0,3782450.0,3935794.0,4052584.0,4136528.0
126,Latin America & Caribbean (excluding high income),431868811.0,439044994.0,446128863.0,453089523.0,459908706.0,466569961.0,473087978.0,479514487.0,485921455.0,492360617.0,498847473.0,505365856.0,511896377.0,518406797.0,524870761.0,531283625.0,537645733.0,543940758.0,550149862.0,556257851.0,562254848.0,568136842.0
127,Lao PDR,4957180.0,5056519.0,5150763.0,5241284.0,5329304.0,5414568.0,5497273.0,5579656.0,5664605.0,5754026.0,5849356.0,5949787.0,6052190.0,6152036.0,6246274.0,6333487.0,6415169.0,6494557.0,6576397.0,6663967.0,6758353.0,6858160.0
128,Lebanon,3070960.0,3092670.0,3113951.0,3156646.0,3235366.0,3359859.0,3522837.0,3701464.0,3863267.0,3986852.0,4057350.0,4086466.0,4111047.0,4183156.0,4337141.0,4588368.0,4916404.0,5276102.0,5603279.0,5851479.0,6006668.0,6082357.0
129,Liberia,2191179.0,2358469.0,2551062.0,2734518.0,2884522.0,2991132.0,3062863.0,3116233.0,3176414.0,3261230.0,3375838.0,3512932.0,3662993.0,3811528.0,3948125.0,4070167.0,4181563.0,4286291.0,4390737.0,4499621.0,4613823.0,4731906.0
130,Libya,5035884.0,5117269.0,5195502.0,5274163.0,5355751.0,5440566.0,5527515.0,5615952.0,5704759.0,5792688.0,5881435.0,5970362.0,6053078.0,6121053.0,6169140.0,6193501.0,6198258.0,6195970.0,6204108.0,6234955.0,6293253.0,6374616.0
131,St. Lucia,149004.0,151086.0,153183.0,155172.0,156949.0,158464.0,159763.0,160973.0,162251.0,163714.0,165407.0,167288.0,169220.0,171022.0,172580.0,173832.0,174835.0,175660.0,176421.0,177206.0,178015.0,178844.0
132,Latin America & Caribbean,493920488.0,501837820.0,509664957.0,517324344.0,524829251.0,532172709.0,539372044.0,546478662.0,553563090.0,560673962.0,567821716.0,574994397.0,582179826.0,589349327.0,596478519.0,603537118.0,610547919.0,617495658.0,624335544.0,631062646.0,637663866.0,644124651.0
133,Least developed countries: UN classification,600926162.0,616437048.0,632146821.0,648229112.0,664804763.0,681932226.0,699560739.0,717572892.0,735796583.0,754118072.0,772488966.0,790978141.0,809730997.0,828953320.0,848791962.0,869298106.0,890423474.0,912093996.0,934192321.0,956631108.0,979387925.0,1002485957.0
134,Low income,418317960.0,429730581.0,441325367.0,453254723.0,465631330.0,478477973.0,491764952.0,505488618.0,519630935.0,534172627.0,549135479.0,564514253.0,580229110.0,596172925.0,612274687.0,628504663.0,644901894.0,661550623.0,678572076.0,696058453.0,714022293.0,732448558.0
135,Liechtenstein,31325.0,31838.0,32355.0,32842.0,33286.0,33671.0,34018.0,34321.0,34596.0,34852.0,35095.0,35322.0,35541.0,35766.0,36003.0,36264.0,36545.0,36834.0,37127.0,37403.0,37666.0,37922.0
136,Sri Lanka,18372120.0,18476505.0,18570701.0,18669103.0,18781938.0,18913054.0,19059300.0,19215307.0,19372538.0,19524558.0,19670151.0,19810789.0,19945832.0,20075086.0,20198353.0,20315017.0,20425000.0,20585000.0,20778000.0,20966000.0,21203000.0,21444000.0
137,Lower middle income,2121679114.0,2161368170.0,2200895932.0,2240266116.0,2279894047.0,2319663773.0,2359545596.0,2399559858.0,2439591001.0,2479577431.0,2519526342.0,2559506456.0,2599639626.0,2640048111.0,2681125444.0,2722553718.0,2764009843.0,2805787440.0,2847558498.0,2889358075.0,2931083733.0,2972649833.0
138,Low & middle income,4710436055.0,4785648645.0,4860158579.0,4933520610.0,5006331359.0,5078333142.0,5149852053.0,5221596850.0,5293535848.0,5365855198.0,5438312606.0,5510845496.0,5584152146.0,5658614849.0,5733943206.0,5810234066.0,5887403423.0,5965522273.0,6044110338.0,6122853585.0,6202027949.0,6281279888.0
139,Lesotho,1787273.0,1810453.0,1831298.0,1850527.0,1868699.0,1885955.0,1902312.0,1918097.0,1933728.0,1949543.0,1965662.0,1982287.0,1999930.0,2019209.0,2040551.0,2064166.0,2089928.0,2117361.0,2145785.0,2174645.0,2203821.0,2233339.0
140,Late-demographic dividend,1976970217.0,1995990417.0,2014282301.0,2031324704.0,2046846162.0,2061614709.0,2075533921.0,2089126195.0,2102591709.0,2116164365.0,2129583971.0,2142686483.0,2155982828.0,2169610308.0,2182732335.0,2196011805.0,2209612378.0,2223399056.0,2237241304.0,2250820960.0,2264577161.0,2278213001.0
141,Lithuania,3601613.0,3575137.0,3549331.0,3524238.0,3499536.0,3470818.0,3443067.0,3415213.0,3377075.0,3322528.0,3269909.0,3231294.0,3198231.0,3162916.0,3097282.0,3028115.0,2987773.0,2957689.0,2932367.0,2904910.0,2868231.0,2828403.0
142,Luxembourg,414225.0,419450.0,424700.0,430475.0,436300.0,441525.0,446175.0,451630.0,458095.0,465158.0,472637.0,479993.0,488650.0,497783.0,506953.0,518347.0,530946.0,543360.0,556319.0,569604.0,582014.0,596336.0
143,Latvia,2457222.0,2432851.0,2410019.0,2390482.0,2367550.0,2337170.0,2310173.0,2287955.0,2263122.0,2238799.0,2218357.0,2200325.0,2177322.0,2141669.0,2097555.0,2059709.0,2034319.0,2012647.0,1993782.0,1977527.0,1959537.0,1942248.0
144,"Macao SAR, China",393567.0,401564.0,409837.0,418604.0,427979.0,438081.0,448896.0,460147.0,471453.0,482559.0,493320.0,503823.0,514348.0,525313.0,536969.0,549439.0,562531.0,575841.0,588781.0,600942.0,612167.0,622567.0
145,St. Martin (French part),32102.0,31304.0,30358.0,29305.0,28384.0,27782.0,27450.0,27363.0,27514.0,27906.0,28414.0,28905.0,29376.0,29820.0,30235.0,30615.0,30959.0,31264.0,31530.0,31754.0,31949.0,32125.0
146,Morocco,27460603.0,27825901.0,28175263.0,28514798.0,28849621.0,29181832.0,29512368.0,29843937.0,30179285.0,30521070.0,30869346.0,31225881.0,31596855.0,31989897.0,32409639.0,32858823.0,33333789.0,33824769.0,34318082.0,34803322.0,35276786.0,35739580.0
147,Monaco,30967.0,31251.0,31523.0,31800.0,32082.0,32360.0,32629.0,32933.0,33314.0,33793.0,34408.0,35111.0,35853.0,36534.0,37094.0,37497.0,37783.0,37971.0,38132.0,38307.0,38499.0,38695.0
148,Moldova,3667748.0,3654208.0,3652732.0,3647001.0,3639592.0,3631462.0,3623062.0,3612874.0,3603945.0,3595187.0,3585209.0,3576910.0,3570108.0,3565604.0,3562045.0,3559986.0,3559519.0,3558566.0,3556397.0,3554108.0,3551954.0,3549196.0
149,Madagascar,13902688.0,14347854.0,14808791.0,15282521.0,15766806.0,16260932.0,16765117.0,17279141.0,17802997.0,18336724.0,18880268.0,19433523.0,19996469.0,20569121.0,21151640.0,21743949.0,22346573.0,22961146.0,23589801.0,24234088.0,24894551.0,25570895.0
150,Maldives,259327.0,264275.0,269206.0,274484.0,280384.0,287027.0,294341.0,302209.0,310423.0,318836.0,327371.0,336070.0,345054.0,354501.0,364511.0,375131.0,386203.0,397397.0,408247.0,418403.0,427756.0,436330.0
151,Middle East & North Africa,292934005.0,298982946.0,305001541.0,311053183.0,317129227.0,323196354.0,329289435.0,335522845.0,342046777.0,348956287.0,356287693.0,363996317.0,371999662.0,380192587.0,388376106.0,396573248.0,404783020.0,412953000.0,421030035.0,428974903.0,436738031.0,444326024.0
152,Mexico,95687452.0,97281739.0,98821456.0,100300579.0,101719673.0,103067068.0,104355608.0,105640453.0,106995583.0,108472228.0,110092378.0,111836346.0,113661809.0,115505228.0,117318941.0,119090017.0,120828307.0,122535969.0,124221600.0,125890949.0,127540423.0,129163276.0
153,Marshall Islands,51401.0,51692.0,51925.0,52079.0,52159.0,52183.0,52158.0,52116.0,52074.0,52055.0,52078.0,52137.0,52218.0,52320.0,52425.0,52542.0,52663.0,52793.0,52898.0,52994.0,53066.0,53127.0
154,Middle income,4292118095.0,4355918064.0,4418833212.0,4480265887.0,4540700029.0,4599855169.0,4658087101.0,4716108232.0,4773904913.0,4831682571.0,4889177127.0,4946331243.0,5003923036.0,5062441924.0,5121668519.0,5181729403.0,5242501529.0,5303971650.0,5365538262.0,5426795132.0,5488005656.0,5548831330.0
155,North Macedonia,1989443.0,1999599.0,2012057.0,2024394.0,2034819.0,2042842.0,2048928.0,2053426.0,2057047.0,2060272.0,2063145.0,2065458.0,2067378.0,2069093.0,2070739.0,2072383.0,2074036.0,2075739.0,2077495.0,2079308.0,2081206.0,2083160.0
156,Mali,9856810.0,10114094.0,10380835.0,10663723.0,10967690.0,11293258.0,11638929.0,12005128.0,12391906.0,12798763.0,13227064.0,13675606.0,14138216.0,14606597.0,15075085.0,15540989.0,16006670.0,16477818.0,16962846.0,17467905.0,17994837.0,18541980.0
157,Malta,379905.0,382791.0,385287.0,387578.0,390087.0,393028.0,395969.0,398582.0,401268.0,403834.0,405308.0,406724.0,409379.0,412477.0,414508.0,416268.0,420028.0,425967.0,434558.0,445053.0,455356.0,467999.0
158,Myanmar,43793310.0,44371525.0,44959935.0,45539435.0,46095462.0,46627994.0,47140220.0,47624894.0,48073707.0,48482614.0,48846474.0,49171586.0,49479752.0,49800690.0,50155896.0,50553031.0,50986514.0,51448196.0,51924182.0,52403669.0,52885223.0,53370609.0
159,Middle East & North Africa (excluding high income),260190124.0,265463944.0,270672291.0,275840061.0,280955290.0,286016125.0,291051001.0,296114536.0,301278295.0,306595214.0,312079307.0,317721161.0,323531149.0,329488935.0,335581557.0,341822043.0,348195697.0,354641044.0,361077997.0,367449306.0,373719055.0,379901782.0
160,Montenegro,611003.0,609520.0,607662.0,606001.0,604950.0,607389.0,609828.0,612267.0,613353.0,614261.0,615025.0,615875.0,616969.0,618294.0,619428.0,620079.0,620601.0,621207.0,621810.0,622159.0,622303.0,622373.0
161,Mongolia,2316567.0,2335695.0,2355590.0,2376162.0,2397436.0,2419776.0,2443659.0,2469286.0,2496832.0,2526446.0,2558012.0,2591670.0,2628131.0,2668289.0,2712650.0,2761516.0,2814226.0,2869107.0,2923896.0,2976877.0,3027398.0,3075647.0
162,Northern Mariana Islands,59364.0,62528.0,65474.0,67755.0,69094.0,69388.0,68763.0,67422.0,65663.0,63744.0,61688.0,59513.0,57431.0,55674.0,54424.0,53786.0,53718.0,54036.0,54468.0,54816.0,55023.0,55144.0
163,Mozambique,16248232.0,16701351.0,17136780.0,17584869.0,18067687.0,18588758.0,19139658.0,19716598.0,20312705.0,20923070.0,21547463.0,22188387.0,22846758.0,23524063.0,24221405.0,24939005.0,25676606.0,26434372.0,27212382.0,28010691.0,28829476.0,29668834.0
164,Mauritania,2397245.0,2471598.0,2549223.0,2628803.0,2709359.0,2790729.0,2873228.0,2957117.0,3042823.0,3130720.0,3220653.0,3312665.0,3407541.0,3506288.0,3609543.0,3717672.0,3830239.0,3946170.0,4063920.0,4182341.0,4301018.0,4420184.0
165,Mauritius,1133996.0,1148284.0,1160421.0,1175267.0,1186873.0,1196287.0,1204621.0,1213370.0,1221003.0,1228254.0,1233996.0,1239630.0,1244121.0,1247429.0,1250400.0,1252404.0,1255882.0,1258653.0,1260934.0,1262605.0,1263473.0,1264613.0
166,Malawi,10109789.0,10381862.0,10704744.0,11044356.0,11376172.0,11695863.0,12013711.0,12336687.0,12676038.0,13039711.0,13429262.0,13840969.0,14271234.0,14714602.0,15167095.0,15627618.0,16097305.0,16577147.0,17068838.0,17573607.0,18091575.0,18622104.0
167,Malaysia,21023321.0,21565325.0,22113464.0,22656286.0,23185608.0,23698907.0,24198811.0,24688703.0,25174109.0,25659393.0,26143566.0,26625845.0,27111069.0,27605383.0,28112289.0,28635128.0,29170456.0,29706724.0,30228017.0,30723155.0,31187265.0,31624264.0
168,North America,299126029.0,302704697.0,306162843.0,309600485.0,312993944.0,316113359.0,319050105.0,321847258.0,324864038.0,327892753.0,331014940.0,334184023.0,337405012.0,340465736.0,343396483.0,345987353.0,348689561.0,351275098.0,353986908.0,356640425.0,359401287.0,361920645.0
169,Namibia,1706489.0,1758994.0,1810566.0,1858042.0,1899257.0,1933596.0,1962147.0,1986535.0,2009228.0,2032196.0,2055734.0,2079915.0,2106375.0,2137040.0,2173170.0,2215621.0,2263934.0,2316520.0,2370992.0,2425561.0,2479713.0,2533794.0
170,New Caledonia,197564.0,201418.0,205279.0,209214.0,213230.0,217324.0,221490.0,225296.0,228750.0,232250.0,235750.0,239250.0,242750.0,245950.0,249750.0,254350.0,259000.0,263650.0,268050.0,272400.0,276550.0,280460.0
171,Niger,9819964.0,10180061.0,10556549.0,10947829.0,11352973.0,11771976.0,12206002.0,12656870.0,13127012.0,13618449.0,14132064.0,14668338.0,15228525.0,15813913.0,16425578.0,17064636.0,17731634.0,18426372.0,19148219.0,19896965.0,20672987.0,21477348.0
172,Nigeria,110732904.0,113522705.0,116385750.0,119327073.0,122352009.0,125463434.0,128666710.0,131972533.0,135393616.0,138939478.0,142614094.0,146417024.0,150347390.0,154402181.0,158578261.0,162877076.0,167297284.0,171829303.0,176460502.0,181181744.0,185989640.0,190886311.0
173,Nicaragua,4700779.0,4786640.0,4869626.0,4949660.0,5026796.0,5100750.0,5171734.0,5240879.0,5309703.0,5379328.0,5450211.0,5522106.0,5594506.0,5666581.0,5737723.0,5807820.0,5877108.0,5945747.0,6013997.0,6082035.0,6149928.0,6217581.0
174,Netherlands,15530498.0,15610650.0,15707209.0,15812088.0,15925513.0,16046180.0,16148929.0,16225302.0,16281779.0,16319868.0,16346101.0,16381696.0,16445593.0,16530388.0,16615394.0,16693074.0,16754962.0,16804432.0,16865008.0,16939923.0,17030314.0,17131296.0
175,Norway,4381336.0,4405157.0,4431464.0,4461913.0,4490967.0,4513751.0,4538159.0,4564855.0,4591910.0,4623291.0,4660677.0,4709153.0,4768212.0,4828726.0,4889252.0,4953088.0,5018573.0,5079623.0,5137232.0,5188607.0,5234519.0,5276968.0
176,Nepal,21903379.0,22389803.0,22856305.0,23305994.0,23740911.0,24161777.0,24566342.0,24950623.0,25309449.0,25640287.0,25940618.0,26214847.0,26475859.0,26741103.0,27023137.0,27327147.0,27649925.0,27985310.0,28323241.0,28656282.0,28982771.0,29304998.0
177,Nauru,10029.0,10057.0,10046.0,10040.0,10037.0,10052.0,10080.0,10106.0,10126.0,10114.0,10071.0,10002.0,9947.0,9945.0,10025.0,10057.0,10279.0,10821.0,11853.0,12475.0,13049.0,12876.0
178,New Zealand,3732000.0,3781300.0,3815000.0,3835100.0,3857700.0,3880500.0,3948500.0,4027200.0,4087500.0,4133900.0,4184600.0,4223800.0,4259800.0,4302600.0,4350700.0,4384000.0,4408100.0,4442100.0,4509700.0,4595700.0,4693200.0,4793900.0
179,OECD members,1127684727.0,1136083409.0,1144146467.0,1152210193.0,1160068208.0,1168255846.0,1176489220.0,1184744057.0,1193061799.0,1201387655.0,1210090990.0,1219114314.0,1228624922.0,1237366149.0,1245466692.0,1251707890.0,1259459408.0,1267516076.0,1275900506.0,1284164313.0,1292500653.0,1300249533.0
180,Oman,2236666.0,2249773.0,2251875.0,2254918.0,2267991.0,2294787.0,2334285.0,2385255.0,2444751.0,2511269.0,2582991.0,2662762.0,2759014.0,2882942.0,3041460.0,3237268.0,3464644.0,3711481.0,3960925.0,4199810.0,4424762.0,4636262.0
181,Other small states,19478909.0,19820997.0,20170823.0,20549707.0,20939372.0,21324121.0,21722065.0,22141340.0,22600520.0,23112789.0,23681565.0,24300791.0,24955735.0,25615419.0,26267053.0,26900149.0,27529595.0,28153079.0,28774019.0,29396503.0,30012500.0,30627643.0
182,Pakistan,125938339.0,129086987.0,132253264.0,135405584.0,138523285.0,141601437.0,144654143.0,147703401.0,150780300.0,153909667.0,157093993.0,160332974.0,163644603.0,167049580.0,170560182.0,174184265.0,177911533.0,181712595.0,185546257.0,189380513.0,193203476.0,197015955.0
183,Panama,2796344.0,2853941.0,2912328.0,2971197.0,3030347.0,3089684.0,3149265.0,3209174.0,3269541.0,3330465.0,3391905.0,3453807.0,3516268.0,3579385.0,3643222.0,3707782.0,3772938.0,3838462.0,3903986.0,3969249.0,4034119.0,4098587.0
184,Peru,24441074.0,24827406.0,25199748.0,25561299.0,25914879.0,26261363.0,26601467.0,26937738.0,27273194.0,27610410.0,27949944.0,28292724.0,28641980.0,29001507.0,29373646.0,29759989.0,30158966.0,30565716.0,30973354.0,31376671.0,31773839.0,32165485.0
185,Philippines,71446107.0,73064764.0,74693695.0,76335812.0,77991569.0,79665315.0,81352060.0,83031954.0,84678493.0,86274237.0,87809419.0,89293490.0,90751864.0,92220879.0,93726624.0,95277940.0,96866642.0,98481032.0,100102249.0,101716359.0,103320222.0,104918090.0
186,Palau,17691.0,18123.0,18524.0,18879.0,19175.0,19404.0,19574.0,19700.0,19804.0,19906.0,20012.0,20116.0,20228.0,20342.0,20470.0,20599.0,20758.0,20920.0,21094.0,21288.0,21503.0,21729.0
187,Papua New Guinea,5022437.0,5154910.0,5291178.0,5430479.0,5572222.0,5716152.0,5862316.0,6010724.0,6161517.0,6314709.0,6470272.0,6627922.0,6787187.0,6947447.0,7108239.0,7269348.0,7430836.0,7592865.0,7755785.0,7919825.0,8084991.0,8251162.0
188,Poland,38624370.0,38649660.0,38663481.0,38660271.0,38258629.0,38248076.0,38230364.0,38204570.0,38182222.0,38165445.0,38141267.0,38120560.0,38125759.0,38151603.0,38042794.0,38063255.0,38063164.0,38040196.0,38011735.0,37986412.0,37970087.0,37974826.0
189,Pre-demographic dividend,497126039.0,510777895.0,524647448.0,539018066.0,554097477.0,569959700.0,586553190.0,603809871.0,621611464.0,639876871.0,658586521.0,677788806.0,697549138.0,717959651.0,739082260.0,760942116.0,783505835.0,806705375.0,830442736.0,854646007.0,879292453.0,904399841.0
190,Puerto Rico,3724655.0,3759430.0,3781101.0,3800081.0,3810605.0,3818774.0,3823701.0,3826095.0,3826878.0,3821362.0,3805214.0,3782995.0,3760866.0,3740410.0,3721525.0,3678732.0,3634488.0,3593077.0,3534874.0,3473166.0,3406495.0,3325001.0
191,"Korea, Dem. People’s Rep.",22113548.0,22335638.0,22537336.0,22731985.0,22929075.0,23131810.0,23336681.0,23538540.0,23729498.0,23904167.0,24061097.0,24203289.0,24335146.0,24463021.0,24591599.0,24722298.0,24854034.0,24985976.0,25116363.0,25243917.0,25368620.0,25490965.0
192,Portugal,10063945.0,10108977.0,10160196.0,10217828.0,10289898.0,10362722.0,10419631.0,10458821.0,10483861.0,10503330.0,10522288.0,10542964.0,10558177.0,10568247.0,10573100.0,10557560.0,10514844.0,10457295.0,10401062.0,10358076.0,10325452.0,10300300.0
193,Paraguay,4870694.0,4980344.0,5089310.0,5196937.0,5302700.0,5406624.0,5508611.0,5607950.0,5703740.0,5795494.0,5882796.0,5966159.0,6047117.0,6127837.0,6209877.0,6293783.0,6379219.0,6465740.0,6552584.0,6639119.0,6725308.0,6811297.0
194,West Bank and Gaza,2587997.0,2706518.0,2776568.0,2848431.0,2922153.0,2997784.0,3075373.0,3154969.0,3236626.0,3320396.0,3406334.0,3494496.0,3596688.0,3702218.0,3811102.0,3927051.0,4046901.0,4169506.0,4294682.0,4422143.0,4551566.0,4684777.0
195,Pacific island small states,1869026.0,1894564.0,1918741.0,1941848.0,1964216.0,1985712.0,2006448.0,2027212.0,2049025.0,2072665.0,2098492.0,2126235.0,2155339.0,2184837.0,2214096.0,2242763.0,2271298.0,2300045.0,2329458.0,2358955.0,2388875.0,2418415.0
196,Post-demographic dividend,1000707016.0,1005826584.0,1010730030.0,1015565741.0,1020634155.0,1025528083.0,1030604501.0,1035782361.0,1041168740.0,1046478965.0,1052107843.0,1058048727.0,1064478501.0,1069983693.0,1074996518.0,1077990429.0,1082578026.0,1087392249.0,1092414320.0,1097402262.0,1102423577.0,1106748580.0
197,French Polynesia,219283.0,223731.0,228376.0,232952.0,237258.0,241273.0,245006.0,248499.0,251775.0,254886.0,257832.0,260594.0,263179.0,265581.0,267820.0,269843.0,271703.0,273528.0,275484.0,277690.0,280208.0,283007.0
198,Qatar,522304.0,534608.0,550430.0,569447.0,592267.0,616886.0,645659.0,688586.0,758855.0,864863.0,1010382.0,1189633.0,1389342.0,1590780.0,1779676.0,1952054.0,2109568.0,2250473.0,2374419.0,2481539.0,2569804.0,2639211.0
199,Romania,22619004.0,22553978.0,22507344.0,22472040.0,22442971.0,22131970.0,21730496.0,21574326.0,21451748.0,21319685.0,21193760.0,20882982.0,20537875.0,20367487.0,20246871.0,20147528.0,20058035.0,19983693.0,19908979.0,19815481.0,19702332.0,19583986.0
200,Russian Federation,148160042.0,147915307.0,147670692.0,147214392.0,146596557.0,145976083.0,145306046.0,144648257.0,144067054.0,143518523.0,143049528.0,142805088.0,142742350.0,142785342.0,142849449.0,142960868.0,143201676.0,143506911.0,143819666.0,144096870.0,144342396.0,144496740.0
201,Rwanda,6115168.0,6522382.0,7059813.0,7593239.0,8025703.0,8329406.0,8536205.0,8680346.0,8818438.0,8991735.0,9206580.0,9447402.0,9708169.0,9977446.0,10246842.0,10516071.0,10788853.0,11065151.0,11345357.0,11629553.0,11917508.0,12208407.0
202,South Asia,1284978193.0,1310387887.0,1335777637.0,1361185289.0,1386625845.0,1412104373.0,1437568227.0,1462906674.0,1487975237.0,1512670560.0,1536943534.0,1560818860.0,1584359049.0,1607663899.0,1630806784.0,1653798614.0,1676615491.0,1699310450.0,1721854786.0,1744199944.0,1766393714.0,1788388852.0
203,Saudi Arabia,19131578.0,19505576.0,19882458.0,20294406.0,20764312.0,21303592.0,21906308.0,22556425.0,23228890.0,23905654.0,24578301.0,25252569.0,25940770.0,26661492.0,27425676.0,28238020.0,29086357.0,29944476.0,30776722.0,31557144.0,32275687.0,32938213.0
204,Sudan,24786190.0,25410451.0,26003542.0,26607042.0,27250535.0,27945005.0,28679565.0,29435944.0,30186341.0,30911914.0,31607064.0,32282526.0,32955496.0,33650619.0,34385963.0,35167314.0,35990192.0,36849918.0,37737913.0,38647803.0,39578828.0,40533330.0
205,Senegal,8974077.0,9196528.0,9418393.0,9645957.0,9884052.0,10134497.0,10396861.0,10670990.0,10955944.0,11251266.0,11556763.0,11873557.0,12203957.0,12550917.0,12916229.0,13300910.0,13703513.0,14120320.0,14546111.0,14976994.0,15411614.0,15850567.0
206,Singapore,3670704.0,3796038.0,3927213.0,3958723.0,4027887.0,4138012.0,4175950.0,4114826.0,4166664.0,4265762.0,4401365.0,4588599.0,4839396.0,4987573.0,5076732.0,5183688.0,5312437.0,5399162.0,5469724.0,5535002.0,5607283.0,5612253.0
207,Solomon Islands,369469.0,379947.0,390643.0,401538.0,412609.0,423853.0,435262.0,446769.0,458324.0,469885.0,481422.0,492940.0,504477.0,516079.0,527790.0,539614.0,551531.0,563513.0,575504.0,587482.0,599419.0,611343.0
208,Sierra Leone,4282350.0,4305455.0,4353646.0,4437803.0,4564297.0,4739147.0,4957216.0,5199549.0,5439695.0,5658379.0,5848692.0,6015417.0,6165372.0,6310260.0,6458720.0,6611692.0,6766103.0,6922079.0,7079162.0,7237025.0,7396190.0,7557212.0
209,El Salvador,5671925.0,5727755.0,5778706.0,5825187.0,5867626.0,5905962.0,5940303.0,5971535.0,6000775.0,6028961.0,6056478.0,6083475.0,6110301.0,6137276.0,6164626.0,6192560.0,6221246.0,6250777.0,6281189.0,6312478.0,6344722.0,6377853.0
210,San Marino,26209.0,26508.0,26799.0,27096.0,27418.0,27762.0,28121.0,28494.0,28866.0,29240.0,29614.0,29977.0,30351.0,30723.0,31110.0,31504.0,31914.0,32303.0,32657.0,32960.0,33203.0,33400.0
211,Somalia,7892389.0,8137475.0,8422372.0,8720231.0,9011479.0,9290823.0,9564167.0,9836397.0,10116228.0,10409925.0,10718317.0,11038596.0,11369276.0,11707990.0,12053223.0,12404725.0,12763776.0,13132349.0,13513125.0,13908129.0,14317996.0,14742523.0
212,Serbia,7617794.0,7596501.0,7567745.0,7540401.0,7516346.0,7503433.0,7496522.0,7480591.0,7463157.0,7440769.0,7411569.0,7381579.0,7350222.0,7320807.0,7291436.0,7234099.0,7199077.0,7164132.0,7130576.0,7095383.0,7058322.0,7020858.0
213,Sub-Saharan Africa (excluding high income),603309222.0,619530637.0,636103731.0,653099453.0,670568507.0,688534793.0,707016127.0,726057836.0,745705643.0,765997649.0,786951192.0,808575133.0,830878600.0,853866359.0,877538597.0,901902485.0,926951572.0,952644123.0,978926559.0,1005756630.0,1033118066.0,1061011878.0
214,South Sudan,5591114.0,5814006.0,6099923.0,6405864.0,6700656.0,6974442.0,7237276.0,7501642.0,7787655.0,8108877.0,8468152.0,8856800.0,9263136.0,9670667.0,10067192.0,10448857.0,10818258.0,11177490.0,11530971.0,11882136.0,12230730.0,12575714.0
215,Sub-Saharan Africa,603385639.0,619607956.0,636182577.0,653179863.0,670649638.0,688615995.0,707099850.0,726140617.0,745788118.0,766080507.0,787035792.0,808660166.0,830965556.0,853953657.0,877628367.0,901989926.0,927039875.0,952734072.0,979017918.0,1005850049.0,1033212743.0,1061107721.0
216,Small states,27691618.0,28107601.0,28528151.0,28976065.0,29434279.0,29887049.0,30352305.0,30838828.0,31365918.0,31947386.0,32586895.0,33278247.0,34006389.0,34739790.0,35465245.0,36171934.0,36875022.0,37572012.0,38266156.0,38960406.0,39646847.0,40330352.0
217,Sao Tome and Principe,128821.0,131107.0,133418.0,135886.0,138606.0,141622.0,144889.0,148372.0,151969.0,155630.0,159328.0,163101.0,166913.0,170813.0,174776.0,178800.0,182889.0,187045.0,191266.0,195553.0,199910.0,204327.0
218,Suriname,450036.0,455954.0,461560.0,467003.0,472390.0,477740.0,483044.0,488332.0,493630.0,498946.0,504307.0,509705.0,515148.0,520619.0,526103.0,531589.0,537077.0,542540.0,547928.0,553208.0,558368.0,563402.0
219,Slovak Republic,5373361.0,5383291.0,5390516.0,5396020.0,5388720.0,5378867.0,5376912.0,5373374.0,5372280.0,5372807.0,5373054.0,5374622.0,5379233.0,5386406.0,5391428.0,5398384.0,5407579.0,5413393.0,5418649.0,5423801.0,5430798.0,5439232.0
220,Slovenia,1988628.0,1985956.0,1981629.0,1983045.0,1988925.0,1992060.0,1994530.0,1995733.0,1997012.0,2000474.0,2006868.0,2018122.0,2021316.0,2039669.0,2048583.0,2052843.0,2057159.0,2059953.0,2061980.0,2063531.0,2065042.0,2066388.0
221,Sweden,8840998.0,8846062.0,8850974.0,8857874.0,8872109.0,8895960.0,8924958.0,8958229.0,8993531.0,9029572.0,9080505.0,9148092.0,9219637.0,9298515.0,9378126.0,9449213.0,9519374.0,9600379.0,9696110.0,9799186.0,9923085.0,10057698.0
222,Eswatini,981764.0,1003995.0,1026009.0,1045629.0,1061468.0,1072927.0,1080930.0,1087392.0,1095053.0,1105873.0,1120514.0,1138434.0,1158897.0,1180675.0,1202843.0,1225258.0,1248158.0,1271456.0,1295097.0,1319011.0,1343098.0,1367254.0
223,Sint Maarten (Dutch part),,,31240.0,31084.0,30519.0,30600.0,30777.0,31472.0,32488.0,33011.0,33441.0,33811.0,33964.0,34238.0,34056.0,33435.0,34640.0,36607.0,37685.0,38824.0,39969.0,41109.0
224,Seychelles,76417.0,77319.0,78846.0,80410.0,81131.0,81202.0,83723.0,82781.0,82475.0,82858.0,84600.0,85033.0,86956.0,87298.0,89770.0,87441.0,88303.0,89949.0,91359.0,93419.0,94677.0,95843.0
225,Syrian Arab Republic,14755286.0,15177456.0,15602210.0,16016092.0,16410848.0,16766899.0,17087901.0,17415266.0,17806638.0,18294611.0,18914977.0,19632806.0,20325443.0,20824893.0,21018834.0,20863993.0,20420701.0,19809141.0,19203090.0,18734987.0,18430453.0,18269868.0
226,Turks and Caicos Islands,15966.0,16528.0,17115.0,17864.0,18873.0,20185.0,21742.0,23410.0,25028.0,26448.0,27642.0,28640.0,29481.0,30245.0,30994.0,31731.0,32431.0,33108.0,33739.0,34339.0,34900.0,35446.0
227,Chad,7241134.0,7493251.0,7759258.0,8041846.0,8342559.0,8663012.0,9001689.0,9353201.0,9710043.0,10067009.0,10421597.0,10775708.0,11133861.0,11502786.0,11887202.0,12288651.0,12705135.0,13133589.0,13569438.0,14009413.0,14452543.0,14899994.0
228,East Asia & Pacific (IDA & IBRD countries),1716273159.0,1736829482.0,1756647023.0,1775313792.0,1792988790.0,1809863171.0,1825997060.0,1841494233.0,1856577921.0,1871547818.0,1886075684.0,1900087547.0,1913991988.0,1927809542.0,1941604842.0,1955546907.0,1969762859.0,1984152637.0,1998686391.0,2013132699.0,2027896410.0,2042782723.0
229,Europe & Central Asia (IDA & IBRD countries),434848227.0,435203825.0,435449937.0,435395484.0,435043731.0,434621856.0,434288360.0,434439096.0,434795161.0,435215551.0,435768107.0,436466640.0,437558499.0,439337195.0,441252120.0,443467250.0,445674287.0,448108783.0,450514161.0,452969005.0,455387576.0,457632291.0
230,Togo,4398238.0,4534551.0,4679023.0,4825704.0,4970367.0,5111770.0,5251472.0,5391401.0,5534598.0,5683268.0,5837792.0,5997385.0,6161796.0,6330472.0,6502952.0,6679282.0,6859482.0,7042948.0,7228915.0,7416802.0,7606374.0,7797694.0
231,Thailand,60151472.0,60863506.0,61597283.0,62306651.0,62958021.0,63543322.0,64073164.0,64554952.0,65002231.0,65425470.0,65824164.0,66195615.0,66545760.0,66881867.0,67208808.0,67530130.0,67843979.0,68143065.0,68416772.0,68657600.0,68863514.0,69037513.0
232,Tajikistan,5849540.0,5934282.0,6021691.0,6114886.0,6216205.0,6327125.0,6447688.0,6576877.0,6712841.0,6854176.0,7000557.0,7152385.0,7309728.0,7472819.0,7641630.0,7815949.0,7995062.0,8177809.0,8362745.0,8548651.0,8734951.0,8921343.0
233,Turkmenistan,4287344.0,4355114.0,4413477.0,4466132.0,4516131.0,4564080.0,4610002.0,4655741.0,4703398.0,4754641.0,4810105.0,4870137.0,4935762.0,5007950.0,5087210.0,5174061.0,5267839.0,5366277.0,5466241.0,5565284.0,5662544.0,5758075.0
234,Latin America & the Caribbean (IDA & IBRD countries),478247051.0,486067029.0,493785288.0,501376484.0,508826710.0,516120111.0,523270767.0,530331985.0,537377388.0,544459791.0,551595525.0,558768052.0,565956228.0,573125269.0,580246796.0,587315129.0,594330743.0,601277206.0,608136047.0,614891969.0,621534921.0,628059792.0
235,Timor-Leste,875916.0,871994.0,865194.0,863269.0,871607.0,892531.0,923825.0,960852.0,996698.0,1026484.0,1048621.0,1064973.0,1078110.0,1092021.0,1109591.0,1131523.0,1156760.0,1184366.0,1212814.0,1240977.0,1268671.0,1296311.0
236,Middle East & North Africa (IDA & IBRD countries),257602127.0,262757426.0,267895723.0,272991630.0,278033137.0,283018341.0,287975628.0,292959567.0,298041669.0,303274818.0,308672973.0,314226665.0,319934461.0,325786717.0,331770455.0,337894992.0,344148796.0,350471538.0,356783315.0,363027163.0,369167489.0,375217005.0
237,Tonga,96369.0,96725.0,97135.0,97591.0,98082.0,98611.0,99184.0,99789.0,100406.0,101041.0,101689.0,102357.0,103005.0,103604.0,104137.0,104577.0,104951.0,105328.0,105782.0,106364.0,107122.0,108020.0
238,South Asia (IDA & IBRD),1284978193.0,1310387887.0,1335777637.0,1361185289.0,1386625845.0,1412104373.0,1437568227.0,1462906674.0,1487975237.0,1512670560.0,1536943534.0,1560818860.0,1584359049.0,1607663899.0,1630806784.0,1653798614.0,1676615491.0,1699310450.0,1721854786.0,1744199944.0,1766393714.0,1788388852.0
239,Sub-Saharan Africa (IDA & IBRD countries),603385639.0,619607956.0,636182577.0,653179863.0,670649638.0,688615995.0,707099850.0,726140617.0,745788118.0,766080507.0,787035792.0,808660166.0,830965556.0,853953657.0,877628367.0,901989926.0,927039875.0,952734072.0,979017918.0,1005850049.0,1033212743.0,1061107721.0
240,Trinidad and Tobago,1258364.0,1260678.0,1262542.0,1264775.0,1267984.0,1272380.0,1277837.0,1284052.0,1290535.0,1296934.0,1303144.0,1309260.0,1315372.0,1321618.0,1328100.0,1334788.0,1341588.0,1348248.0,1354493.0,1360092.0,1364962.0,1369125.0
241,Tunisia,9256037.0,9384152.0,9499395.0,9603742.0,9699197.0,9785701.0,9864326.0,9939678.0,10017601.0,10102482.0,10196136.0,10298087.0,10407336.0,10521834.0,10639931.0,10761467.0,10886668.0,11014558.0,11143908.0,11273661.0,11403248.0,11532127.0
242,Turkey,59423208.0,60372499.0,61329590.0,62287326.0,63240121.0,64191474.0,65143054.0,66085803.0,67007855.0,67903406.0,68763405.0,69597281.0,70440032.0,71339185.0,72326914.0,73409455.0,74569867.0,75787333.0,77030628.0,78271472.0,79512426.0,80745020.0
243,Tuvalu,9256.0,9277.0,9306.0,9345.0,9420.0,9512.0,9635.0,9767.0,9894.0,10027.0,10137.0,10243.0,10340.0,10441.0,10531.0,10628.0,10725.0,10819.0,10908.0,11001.0,11097.0,11192.0
244,Tanzania,30811854.0,31635251.0,32451713.0,33291540.0,34178042.0,35117019.0,36105808.0,37149072.0,38249984.0,39410545.0,40634948.0,41923715.0,43270144.0,44664231.0,46098591.0,47570902.0,49082997.0,50636595.0,52234869.0,53879957.0,55572201.0,57310019.0
245,Uganda,21202118.0,21865931.0,22551789.0,23272995.0,24039274.0,24854892.0,25718048.0,26624820.0,27568436.0,28543940.0,29550662.0,30590487.0,31663896.0,32771895.0,33915133.0,35093648.0,36306796.0,37553726.0,38833338.0,40144870.0,41487965.0,42862958.0
246,Ukraine,51057189.0,50594105.0,50143939.0,49673350.0,49175848.0,48683865.0,48202500.0,47812950.0,47451600.0,47105150.0,46787750.0,46509350.0,46258200.0,46053300.0,45870700.0,45706100.0,45593300.0,45489600.0,45271947.0,45154029.0,45004645.0,44831135.0
247,Upper middle income,2170438981.0,2194549894.0,2217937280.0,2239999771.0,2260805982.0,2280191396.0,2298541505.0,2316548374.0,2334313912.0,2352105140.0,2369650785.0,2386824787.0,2404283410.0,2422393813.0,2440543075.0,2459175685.0,2478491686.0,2498184210.0,2517979764.0,2537437057.0,2556921923.0,2576181497.0
248,Uruguay,3248035.0,3271010.0,3292138.0,3309318.0,3321245.0,3327103.0,3327773.0,3325637.0,3324096.0,3325612.0,3331043.0,3339741.0,3350824.0,3362755.0,3374415.0,3385624.0,3396777.0,3408005.0,3419546.0,3431552.0,3444006.0,3456750.0
249,United States,269394000.0,272657000.0,275854000.0,279040000.0,282162411.0,284968955.0,287625193.0,290107933.0,292805298.0,295516599.0,298379912.0,301231207.0,304093966.0,306771529.0,309326085.0,311580009.0,313874218.0,316057727.0,318386421.0,320742673.0,323071342.0,325147121.0
250,Uzbekistan,23225000.0,23667000.0,24051000.0,24311650.0,24650400.0,24964450.0,25271850.0,25567650.0,25864350.0,26167000.0,26488250.0,26868000.0,27302800.0,27767400.0,28562400.0,29339400.0,29774500.0,30243200.0,30757700.0,31298900.0,31847900.0,32387200.0
251,St. Vincent and the Grenadines,108075.0,108004.0,107922.0,107880.0,107898.0,107988.0,108146.0,108350.0,108559.0,108744.0,108907.0,109047.0,109165.0,109253.0,109315.0,109341.0,109328.0,109320.0,109357.0,109455.0,109643.0,109897.0
252,"Venezuela, RB",22650102.0,23110178.0,23569454.0,24028689.0,24488340.0,24948476.0,25408700.0,25868523.0,26327225.0,26784161.0,27239168.0,27691965.0,28141701.0,28587323.0,29028033.0,29463291.0,29893080.0,30317848.0,30738378.0,31155134.0,31568179.0,31977065.0
253,British Virgin Islands,18833.0,19270.0,19722.0,20188.0,20645.0,21085.0,21529.0,22000.0,22541.0,23168.0,23905.0,24731.0,25604.0,26447.0,27224.0,27901.0,28509.0,29056.0,29588.0,30113.0,30661.0,31196.0
254,Virgin Islands (U.S.),108095.0,108357.0,108537.0,108599.0,108642.0,108549.0,108510.0,108506.0,108467.0,108454.0,108371.0,108339.0,108399.0,108405.0,108358.0,108292.0,108191.0,108044.0,107884.0,107710.0,107510.0,107268.0
255,Vietnam,76372719.0,77453335.0,78452897.0,79391374.0,80285562.0,81139919.0,81956496.0,82747662.0,83527678.0,84308843.0,85094617.0,85889590.0,86707801.0,87565407.0,88472512.0,89436644.0,90451881.0,91497725.0,92544915.0,93571567.0,94569072.0,95540800.0
256,Vanuatu,171801.0,174999.0,178078.0,181345.0,185063.0,189290.0,193956.0,198964.0,204143.0,209370.0,214634.0,219953.0,225340.0,230785.0,236295.0,241871.0,247485.0,253142.0,258850.0,264603.0,270402.0,276244.0
257,World,5796553892.0,5879181284.0,5960951251.0,6041479766.0,6121371868.0,6200826289.0,6280008070.0,6359405021.0,6439366735.0,6519872183.0,6601083228.0,6682860600.0,6765986891.0,6849272706.0,6932596129.0,7014792135.0,7099311892.0,7184861447.0,7271057715.0,7357233590.0,7443810911.0,7529719387.0
258,Samoa,171283.0,172198.0,172981.0,173755.0,174610.0,175566.0,176582.0,177662.0,178781.0,179929.0,181094.0,182286.0,183526.0,184826.0,186205.0,187665.0,189194.0,190757.0,192290.0,193759.0,195125.0,196440.0
259,Kosovo,2059000.0,2086000.0,1966000.0,1762000.0,1700000.0,1701154.0,1702310.0,1703466.0,1704622.0,1705780.0,1719536.0,1733404.0,1747383.0,1761474.0,1775680.0,1791000.0,1805200.0,1824100.0,1821800.0,1801800.0,1816200.0,1830700.0
260,"Yemen, Rep.",15889449.0,16408954.0,16896210.0,17378098.0,17874725.0,18390135.0,18919179.0,19462086.0,20017068.0,20582927.0,21160534.0,21751605.0,22356391.0,22974929.0,23606779.0,24252206.0,24909969.0,25576322.0,26246327.0,26916207.0,27584213.0,28250420.0
261,South Africa,42898520.0,43657024.0,44372112.0,45058775.0,45728315.0,46385006.0,47026173.0,47648727.0,48247395.0,48820586.0,49364582.0,49887181.0,50412129.0,50970818.0,51584663.0,52263516.0,52998213.0,53767396.0,54539571.0,55291225.0,56015473.0,56717156.0
262,Zambia,9394304.0,9666578.0,9950224.0,10239714.0,10531221.0,10824125.0,11120409.0,11421984.0,11731746.0,12052156.0,12383446.0,12725974.0,13082517.0,13456417.0,13850033.0,14264756.0,14699937.0,15153210.0,15620974.0,16100587.0,16591390.0,17094130.0
263,Zimbabwe,11518262.0,11709997.0,11893272.0,12064537.0,12222251.0,12366165.0,12500525.0,12633897.0,12777511.0,12940032.0,13124267.0,13329909.0,13558469.0,13810599.0,14086317.0,14386649.0,14710826.0,15054506.0,15411675.0,15777451.0,16150362.0,16529904.0
